1
114 1111111 1161611666. Ν

111111161,6.111,16. 111161, 161,1.; 11 xnu- ,
1 811111111611166166116196, 1. 1111171135,8.; 16 1611111111 P
stipendia 1111111111.1.(11141111.ς1111111.) 147,18.; τὸ Λυιανδοό 165, 4.; ’
ὀψώνια. 1611116 1161 71161χ167,61 ⁴
στρατηλάτης 99, 96. σρατηλαιῶν Theodora 61116161165. 17,93.
sifffi‘fffflffnssffsrssffi 11, 6. 61, 11. 1146118114 41112611 116, 11. ι

976, 99. 76166611111111 148, 4. 166, 11.
1111111111 45,16. 86, 93. 169, 9. 168,’9. ’

119, 3. 159, 11. 76611611111111111161 313, 5.
συγκλητικοί 199, 14. 304,16. 1111611611 121⁹ 256, 18.
ἤ44νκ46ωἷιι 6966464166ιῆ 66644164 ο1166 ²} ⁹⁰ ¹

⁸ Ι 0 ‘ ⁰ 0
161, 16. 166, 16. 116, 22. 666, 1161661111, 16. 11, 22. 6111.
13. 976, 5. 975, 19. 314, 96. 946, 11. 997, 99.
· 318,19. »111ρᾶ 6111611111993, Thessalonicenses 931, 9.

15. 71111661 968, 9. ’
ἦ 6116111993, 15. 998, 9. 7111161611 1111111 943, 6.

Syria θρίαμβος 1116γ116616199399. ’
11111116 116111 983, 9. 71111111 86, 7. “
ταλάντων 1716111111116111196967. 7111111111 36, 99.

7111111 Scytha 157, 96. Traianopolis 946, 91.

7111111137, 16. 999, 8. 7111111. 1111611111, 16. 167, 5.

111 174, 1. 7111111111 16, 5. 1
7111119115, 16. 7116178,16. 165, 19. 194, 99
Taurus 1116111196,11. 133, 9. 134, 183, 5. 189, 4. 915,16. 939, 96. 1

93. 173, 19. 946,15. 963, 99. 366, 8.

71111611 167, 6. 7116161111 1111111111 171, 99. ¹
71161166166,6. ’ · 71161111161111111111 191,99. 1
7116111111 117, 91. 171183, 13. 85, 18.
111111 1116111 88, 3. 96, 9ἱ 171116ςί v. 1111111ςί.
61111 ,16111 1611111611.. Ν

196,4.;16Ἅρμ111111111 11171 16,16..17, 93.

Ἀρμενιακῶν 193, 16. 136, 14. 7611111611 14616. 184, 99.

169, 16. 199, 1. 988, 93.; 16 711111 66111137, 19.

 

