836 11111112

si 1111161111 9, 22, 13, 9. 22, 6151111111 362,1.
23. 23, 22. 28, 211 i ponetis 211111111111111169,13.176,15.
26,11. 29, 5. 53, 19. 56, 7. (1111116111289, 2. 11661121256,
68,9 et 923 ἦ puerile onir 26. 1111611712. 221, 1.
11111111 21, 22. 62, 9. 258, 61 Dorylneum 121, 11. 181, 19.
ἤ aps 1161111116, 19. 22, 18. 2111111 265, 7.
,,111. 1111111111. 5111111111, ss.
⁴ 289,12;ἧ111111611111 μη.- omnpnrius 211, 5. 271, 2.
11611111262611 16111111 1119,15.86,17.96,8.168,16.
131 superseminatae tris· lli«, 181, 5. 236, 7. 21616297,
,1111111111 26917, 11 μέγ α 10 occidentis 299, 5. 111.
1111111311111113161111111 11κῆ 111χὴ 89, 6. 212, 11. 255,
” 116111 tt 63,11 ἦ νέα Ῥώμη 17. 288,1.
’ 218, 8. Dyrrachiulu 212, 11. 216,11.
Constantinus Caesarisi. 169, 23. Edessa
Constantinus comnenus elophstatensem.
0111111111111111111111111,16.1111χ11151,5. 77, 11. tuap-
0111111511111111156,17.6916.χ111111111111211.
91, 21. 186, 23. 1111χ111111,21.
Constantinus 1111151133, 22. ἔπαρχος 11, 17. τῆς 1111111171,
Constantinus lichudes patriarcha 16.
66, 13. 11. lichudes. Ephesiorum metropolis 36811.
Constantinus 1111111217, 19. 222, 611111111212, 11. 297, 8.
16. Epimetheus 28, 3.
Constantinus lionomaohus 18, 5. equi publici 366, 13.
17, 12. 56,12. 79, 21. 119,18. ’11111 122, 18. 113, 1.
Constantinus Theodorooanus 217, Eudocin Constantini ousae 11 aa.
12. mani Diogenis uxor 92,12.
011111111111111511111111111 361,1.
01111111111111111258,12.368,16.11111113111μ11111151,23.11-
cotoneum 175, 21, 265, 8 1116111132,11. 37,13. 186,
01111223,16.’288,13.11.1111111137 13 88,8. ,
011111111111111122,22.121,15. 8115111116.78,16.93,11.169,
176, 21. 173, 26. 11. 128, 5. 131,15. 13311.
Cryae lons 116, 11. 136, 2. ’
Cucusus 161,1. Europa 32, 8. 51, 19. 811611 23. ,
11111111111138,22. 185,15. 187, 6111111111 magister 167, 13. ¹
16. 256, 5. 361, 8. Fabii 918, 19. 226, 15. ’
Cutlumusii (nn Catulnusii) 'lnroi 6111112263
266, 11. 276, 26. 1111111113. 0111111611111113169.
Cyclopes 225,21. 1111111711.111,17111,11.
0111111129, 12. 1276. 156,6. 176, 5. 18311.
111111111112, 16. 188, 15. 2112111112111,
Cynicus 268, 26. 151 tenplum 12,297,13.366,2
01111111 96,1. . 11111111111111316, 26.
David 5111111111511271, 11. furti poena 153, 1.
8. Demetrius 233, 6. 01115111 289, 9.
ormena 1231111111.1111111111.
161, 71116. 153, 8 169, 3. Calliae 1111111111 218, 2. 221, 6.
1111111111,11.211,11.111, 11111111112215.
23. 81991113 8111111171. ⁴ 21113112. 13, 22.
11111111111211,5. 8 Georgius 18, 6. 71, 26.

1121111111 1196. Georgius 8111511111 235, 23.

 

