- 11110, oio, 10.

’ 100110111001001.

110011 01011. 015, 1οἶ “

1 Abydus 179, 23.

3001111011 haeretici 97, 3.
Adanu 174, 18., 229, 9.
311110010111 22, 6. 33, 21. 36, 23.

¹ 298, 1. 219’,1. 242, 18. 243, 22.
947, 8. 261,23. 399,2. ἦ,
Ἀδριανοῦ 23,1.243, 19.262,1(1.

3111100101111 13, 23. 391, 3.

Aegyptus

Aemilius Penius 219, 21.

Aethiops '

311100 219, 3.

Agsreni 8, 39. 24, 19. 25, 15.

3111111οι 1111011001 99, 17.

ᾰγξὸρανομικα1 dolat 16, 23. 279,

110110 manumittentis 284, 8.

Albani 9, 11. 18, 19.

3100501701 11. 219, 12. 231, 5.
28, .

Alexander opp. 129, 6.

’ 3101101 comnenus 199, 13. 296,
12. 259, 29. 253, 17. 288, 22.

Alexius 1101111101ιο 86, 2.

1121111000 149, 21.

310011 264, 5.

Alpes 231, 6.

3100110199, 14. 296, 13.

8. Ambrosius 313, 16.

3010111001 Tuscus 94, 19. 199, 2.

1011101 111, 7. 277, 1.

3111011010 121, 18. ’

88. 9300111101001 1000011011οι0 19,

’ Andronicus (1100011 196, l. 168,
16. 173, 16.

Annium 79, 14.

Anthios 133, 3. 134, 8.
Antiochenses

, Antiochia 95, 19. 96, 4. 199, 6.

soi, 2. 1011. 110, 10 11.

13623. 181, 6. 229,8. 9101100111
1021113111 Epiphanes 219, 11.
301111101010101001111010 13, 6. 329,

Arinen 95, 10. 10001. 1101.

Arabici equi 114, 16.

31011110 111, 8.

3111001110 297, 21.

310011010111 36, 6.

ἀριστοκρατικὸς ἀνὴρ 18, 16.

3110191, 7.

Armenii 97, 2. 98, 3. 196, 6. 199,
,8. 113,13. 135,16. 137, 6. 151,
29222, 15. 391, 13.

3111001101 1110111101 34, 6 01 15.

3111011 118, 23.

31100 01111. 148, 6.

3100100 258, 29.

311010101101 194, 11.

3111110222, 12.

Assyrii 222,,14.

Athyr 85, 4. 253, 6. τὸ soni ’Antion
1101110100 252, 19.

Atlanticus columnus 48, 17.

Atlanticum 1010101319, 1. ·

3010011312. 1, 29. 73,17. 78,
4.92,12.99,5.199,13.

3011001101 197, 11.

Ausones 31, 21. 214, 13.·

Ausonitis 117,19.

31010011011010 116, 16.

Bocchi 01101111085, 11.

“ 11011011 242, 2925411.

1101101101 11. 299, 15.

 

