nis'rofflcus.

8. halaa 166, 18.

Paulus 1111116111 168, 7.

Peloponnesi 1111111 1. iudex.

Perinthus 260, 14.

2111114321. 101, 20. 106, 11.

2111111111 219, 22.

211111 16, 6.

2111111 1111111111 111, 1.

2111111111611 11111611116, 10.

1111111111 0111111111 132, 10.
301, 8.

2111111111 217, 6.

Ρὴο111111268,21. “

“ 1111111111. 111, 1.

1111131111 223, 22. .
21111161111111111111 160, 7.
1111111111, 16. 173, 1.

21111111 11111111 121,13, 173, 23.

Polemon 66, 6.

Pontion 279, 13. Ponticum 11111Κ
206,19.

1111111111 111111 1. ἔπαρχος.

[1111111111 268, 6. 272, 161123.

11111111111133, 22.

2111111161 1111111137, 21.

Piapi 111. 230, 18.

pretia 111111 1111611111.

Principii 111. 13, 0.

prodigii

71111111111128, 12.

[1111116111 66,12, 60, 10. 142,10.
168, 7. 170, 11. 109, 13. 242,
16. 247, 12. 25020. philoso-
phorum 21,19. 111111111101-
11111 180, 10.

1111111111 20, 11. 102, 7. 179, 6.
193, 6. 269, 3.

Prote 1111. 170, 10.

πρωτοβέσῐιᾶριος 66, 13. 276,16.

πρωιοπρόεδρος 138, 21. 169, 23.
173, 16. 180, 10297, 10.

πρῶτος desierim 167, 14.

nonime 6111111 167, 14. 192, 10.

πρωτοσύγκελλοι 130, 10.

21111268, 6.

‘rector 32, 11.

111 221, 7.
81111111111 244, 22.

8111611111 28, 12. 89, 23. 201,·

20. 241, 6 1110. 248, 10. 261,

8171811111111111136, 16.

1111111221,3. 1111111218, 1 11

333

7. 1111218, 6. occidentalia

9,12. 1111111111 ’1111117111 41, 6.
gira 143, 6. 261, 3.

111111111Ιί1 132, 1. ,
811111101111111 97, 7. 179,22.“

1111111111 111111116111111286, 12.

1116111111 268, 8.

11111ἰί11 148, 22. 183,11. 186,1.
111, 11. 11111. 111, 11. 111, “ -
11. 262, 21. 260,4. 270,0. 271,
Ι11. 111, 11.

111111 264, 13. 1111111111 11111
2οῢ 1924 263, 21. ‘Pomm' 61111

11116611118111111161 278, 21.

81111111 1111111111 123, 11.

Samuel 81111111111111230, 17.

Sangarius 11. 146, 19. 181, 22.

Saraceni 109, 101121.

subaudiens 11111 138, 3.

81111111 10, 6. 67, 1, 07, 16.

Sauromatae 66, 20. 97, 17. 111.
111111 147, 1.

111111 278, 6.

1111111111111111111 112, 10.

Scipio Africanus 218, 22.

scipio Asiaticus 219, 14.

Scythae 142,17. 300, 22. 1111111111
302, 14. 1111111111 30, 6. 36,
5 et 21. 66, ²1· 109, ¹80

8111411ἶ1116106,4. 136,14. 130, 20.
ι , ¹ Ι

8111111111 106, 23. 107, 1.

118111612110, 6.

11111111111120, 1.

11111111 304, 13. 111111111160,
16. octonarii (1111111111 768·
1111111111 ὑποθέσεις 180, 22·

1111111111 277, 2.

81111111 137, 6. -

81111 8111111167, 0.

8111110111 23, 11. 260, 20.

Semiramidis 11111111 261, 2.

Sicilia 8, 21.

sido 180, 10. ,

11 11611ρᾶ 35, 21. 36, 6.

8111111111.

81111111

1. Sophia 11, 11. imo. 11, 11.
66, 22. 69, 19. 60, 12. 74, 12.
100, 3. 26614. 269, 4. 270, 4.
271,17. 320, 6. 11111111 91,6.

sophon 111111 180, 16.

 

