aas .

1100001 comnenus 138, 21. 147, 23.

illuns

110010001270, 9.

11001010100140,10. 149, 3. 150, Neapolis prope Cpolin 09, 8.

141 100, 9.
88. Nuria
llars
Nauroeastruin 125, 0.
1100001100 218, 2.
10001222, 15.
110010001001021, 3. 40, 24.
{drusos 01100 258, 9. ’
1100101οη00 313, 10.
1101000011 124,10.
llelissopetrium 108, 4.

Melitene 22, 10. 78, 10. 93, 7.
97, 2. 107, 8. 121, 15. 128, 0.

135, 7. 183, 10. 227, 8.
1100000 289, 11.

Mesopotamia 78,15. 93, 0. 97,1.

mmmmfflm

1101010100001011010 189, 17. 191,

uQm

8. 11101001 010010 001100 104,17.
’ 11101001 Attaliota 8, 0. 97, 23. 98,
mmummmm
118, 10. 120,19. 124, 12128,
23. 132, 7. 130, 20. 130, 4.
152, 17. 153,13. 104, 19. 158,
23. 102, 20. 107, 4. 188, 0.
190, 18. 244, 0. 249, 18. 250,

mmmmm

11101001 8010010100 230, 22. 234,
mmm ’

11101001 0010010100 10, 21.

11101001 cerularius patriarcha 50,

stillas! comnenus.

111010011100100009, 10. 34, 2 0110.
, 11101001 Nicomedensis 181, 4. 290,

attilas! Paphlago 8, 19. .

10101001 100001000οο 109,19. 171,
1. 180, 4. 270, 20. 270, 3. 288,

10. 308, 9.

10101001 811011011000 52, 20. 94, 22.

μονοπώλιον 202, 5.

Mopsi lentes 229, 9.
10οο001001ἰο 137, 3 01 18.

10000000 1. q. Sauras mons 133, 10.
munera annua senatoribus 0010122,

0010010100 90, 1.
Myrmidones 87, 13.
11001 80100019, 10.

Nemitsia 221, 0.
1100111000 125, 10. 147, 1.
Neocaesarea 100, 12.
Neocaesaronses 278, 19.
Nephthalitae 0110001 11.
Neos insula 214, 10.

Nestor aestarcha 205, 7. 207,21. ,

’ Nestorius haeresiarcha 97, 3.

Nicaea 04, 23. 91,2 223, 8. 200,
4 0120. 300, 10.

010001010011010010100 imperatoris
0000 230, 3.

01000100001101001010039, 20. 00,
3. 83, 11. 90, 8 01 18. 97, 23.

000οΜοΜξ
mmummmmss

200, 21. 203, 0. 209, 9.
11100010000800000100 150, 3. tat,

mmmmuma

284, 20. 292.
11100010100100011010180,20. 199,

0. 200, 13. 208, 10. 240, 2. .
111εο010000 Phocus 217, 17. 223, 4. l

811100Ιοὶ monasterium 92, 8.

Nicomedia 04,20. 189, 7. 208, 7.

Nilus 0. 274, 2.

nobilissimus 17,13. 280, 21. 298,
18. 299, 4.

0010000312, 11. 313, 1. 310, 1.

0000000 000100010110.

Olympus mons 92, 22.

001200οξ100 ἡμέρα 1411.

10010100 0. 273, 22.

palatium australe 10, 17. 000.
00010270, 10. septentrionale
10, 17. palatia amho 272, 3.
0010111 00010000 294,17. 2902

1000001100 0100000 230, 0.

1000001100 Armenius 80, 12.

Panium 90, 1, 249, 4.

8100101ὁοοΜ 252, 0. 01000000
wo

Paphlagonia 173, 2.

pascha 12, 8. 20, 22. 122, 10.

πατριαρχααΙ clatus 59, 13.

patrlcii 11, 18. 22, 8. 124, 13.

88000110ιο templum Nicaeae 91, (a

Putninaci 30, 0. 40,19. 83, 3

80, 24. 87, 20. 200, 0. 209, 9. l

mmmmmmm
mu

 

