11111 1111111111.

8111111111 155, 6. 246, 10. 297, 10.

8. 81111111 94, 3. 101, 13.

811111111111111146,13. 83, 11.

81111111 11111111 167,15. 187,15.
192, 10.

81111111811111111111111122920.
233, 21.

81111111 ’8111611111111 21, 7.

81111111 29, 9. 245, 15.

8111111111 248, 20.

beatorum insulan 221, 16.

1112ιὲ111111 341. 11, 11. 97, 8.
1 ,1 .

1111113, 2. 22, 8. 116, 10.

Bithynia 173, 3. 306, 14. 1111-
11111 103, 3.

8111111111 23, 23. 63, 15. 138,
17. 242,1. 251, 4. 253, 20.
256, 11. 270, 20. 271, 12.

81111111116111 153, 7.

8111111811 Ι138, 2.

81111111111.111111111 11 111111111- .
111 B.

8111111111 11111γ11111111319, 21.

81111111 284, 22. ’

Britannicae insulae 221, 14.

8111111111 289, 21.

8111111111 53, 23.

8111111111 180, 20.

8111111 9,17. 29, 6, 8316. 229,
21. 211, 2. 238, 18. 297, 21.
8111111111 1111111137, 12.

81111111 234, 9.

81111111111111129, 19.

Byzantii 14, 2. 48, 15. 122, 9.
Μ6Μ1Μ2ώᾱ
116 Βύζαντος 173, 4. Byzantium
186, 15. 218,1. ἦ 1161111111
208, 3. 211, 2. 172,1. 18814.
23, 14. 54, 14. 181ζ1111155,

caesar 10, 22. 102, 1. 285, 6.

6111111194, 1. 125, 19. 61111-
1ἓ1ἐ11194, 11. 139, 7. 14610.
1 ,19.

111111 11111159, 2.

1111111111111149, 17.

Capitolium 101, 16.

329

1111111111 Ἀνιωχ1111172, 2.
Δρ111ρ11205, 7. 811611111-

1111111516. ’1111111 11, 19;
1111111242, 22.
011111 117, 20. ⁶
01111111 133, 11. 135, 14.
(1111111111231, 1.
(7111111
commus 136, 1.

' 0111111111. 1. 1111111110.

Chalcedon 178, 2. 200, 8. 241,
10. 267, 13.

chalcedonium fretum 143, 8.

chalceus 121, 21.

chalon 36, 6.

Chaldia 78, 15.

(1111111954. 108,9. 111,7.137,14.

0111111111 1111111111 225, 6. 226, 18.

(1111111101 36, 3.

0111111111 provincia 146, 8.

01111111111137, 1. 172, 2. 174, 12.

0161119292. 132, 1. 148, 19.
19, .

0111111111 150, 9.

0111111111οοίιί 85, 4.

(21111111111111 167, 14.

0111111140, 16.

011111111111 71111178, 19.

χρυσῆ adnue 92, 7.

χρυσο111111111 256, 22.

χ11163111111γ11φ1 61, 7. 279,
24. 298,17. λόγος 246, 5. 283,21.

Chrysopolis 58,7. 188, 12. 200, 9.
241, 19267, 13. 276, 21.307,1.

Chrysorrhoas 11. 273, 23.

61131813181163.11111ῗί11,
5. 174, 3. 225, 18.

011161111111 138, 7.

clidium 11111111230, 10.

0111181111 105, 2. 120, 5.

0111111178, 16, 105, 4. 136, 14.
168, 4. 178, 2.

columba 143, 9.

Comani 301, 1·

1111111191, 18, 211, 8.

11111111

0111111111 11111111, Constantinus,

Cappadoces 54, 1. 99, 20. 101,14. loannes, 11111111, 1111111 (1.

11121ἒῖ. 1213, 10. 16219. 170, (111111111111111 furiosi· 1111111312, ·
0111111111111111224, 19. 011111161111111 56, 9. 148,,14.
carthago 219, 2. 170,18.213,12.240,6.111111 ,

 

